0 1
0 2
0 3
0 4
0 5
0 6
0 7
0 8
0 9
0 10
0 11
0 12
0 13
0 14
0 15
1 0
1 0
2 0
2 0
3 0
3 0
4 16
4 0
4 0
5 17
5 0
5 0
6 18
6 0
6 0
7 16
7 0
7 0
8 17
8 0
8 0
9 18
9 0
9 0
10 16
10 0
10 0
11 17
11 0
11 0
12 18
12 0
12 0
13 17
13 16
13 0
13 0
14 18
14 16
14 0
14 0
15 18
15 17
15 0
15 0
16 4
16 7
16 10
16 13
16 14
16 19
17 5
17 8
17 11
17 13
17 15
17 19
18 6
18 9
18 12
18 14
18 15
18 19
19 20
19 21
19 22
19 18
19 17
19 16
20 19
20 23
20 24
20 25
21 19
21 26
21 27
21 28
22 19
22 29
22 30
22 31
23 20
23 32
23 33
23 34
23 35
24 20
24 36
24 37
24 34
24 35
25 20
25 36
25 37
25 32
25 33
26 21
26 32
26 38
26 34
26 39
27 21
27 36
27 40
27 34
27 39
28 21
28 36
28 40
28 32
28 38
29 22
29 33
29 38
29 35
29 39
30 22
30 37
30 40
30 35
30 39
31 22
31 37
31 40
31 33
31 38
32 41
32 26
32 23
32 28
32 25
33 42
33 29
33 23
33 31
33 25
34 41
34 26
34 23
34 27
34 24
35 42
35 29
35 23
35 30
35 24
36 41
36 27
36 24
36 28
36 25
37 42
37 30
37 24
37 31
37 25
38 43
38 29
38 26
38 31
38 28
39 43
39 29
39 26
39 30
39 27
40 43
40 30
40 27
40 31
40 28
41 44
41 36
41 32
41 34
42 44
42 37
42 33
42 35
43 44
43 40
43 38
43 39
44 43
44 42
44 41
44 45
44 46
44 47
45 48
45 49
45 50
45 51
45 52
45 44
46 53
46 54
46 55
46 56
46 52
46 44
47 57
47 58
47 59
47 56
47 51
47 44
48 45
48 60
