0 192
0 0
1 0
1 0
1 1
2 1
2 1
2 2
3 193
3 3
4 3
4 3
4 4
5 1
5 1
5 1
5 5
6 194
6 6
7 0
7 0
7 0
7 7
8 7
8 7
8 8
9 195
9 9
10 3
10 3
10 3
10 10
11 7
11 7
11 7
11 11
12 192
12 192
12 12
13 12
13 12
13 13
14 13
14 13
14 14
15 193
15 193
15 15
16 15
16 15
16 16
17 13
17 13
17 13
17 17
18 194
18 194
18 18
19 12
19 12
19 12
19 19
20 19
20 19
20 20
21 195
21 195
21 21
22 15
22 15
22 15
22 22
23 19
23 19
23 19
23 23
24 196
24 120
24 72
24 0
24 24
25 24
25 24
25 121
25 73
25 1
25 25
26 25
26 122
26 74
26 2
26 26
27 197
27 123
27 75
27 3
27 27
28 27
28 27
28 124
28 76
28 4
28 28
29 25
29 25
29 125
29 77
29 5
29 29
30 198
30 126
30 78
30 6
30 30
31 24
31 24
31 24
31 127
31 79
31 7
31 31
32 31
32 128
32 80
32 8
32 32
33 199
33 129
33 81
33 9
33 33
34 27
34 27
34 27
34 130
34 82
34 10
34 34
35 31
35 31
35 131
35 83
35 11
35 35
36 196
36 196
36 132
36 84
36 12
36 36
37 36
37 36
37 133
37 85
37 13
37 37
38 37
38 134
38 86
38 14
38 38
39 197
39 197
39 135
39 87
39 15
39 39
40 39
40 39
40 136
40 88
40 16
40 40
41 37
41 37
41 137
41 89
41 17
41 41
42 198
42 198
42 138
42 90
42 18
42 42
43 36
43 36
43 36
43 139
43 91
43 19
43 43
44 43
44 140
44 92
44 20
44 44
45 199
45 199
45 141
45 93
45 21
45 45
46 39
46 39
46 39
46 142
46 94
46 22
46 46
47 43
47 43
47 143
47 95
47 23
47 47
48 200
48 144
48 78
48 0
48 48
49 48
49 145
49 79
49 1
49 49
50 49
50 49
50 146
50 80
50 2
50 50
51 201
51 147
51 81
51 3
51 51
52 51
52 148
52 82
52 4
52 52
53 49
53 49
53 49
53 149
53 83
53 5
53 53
54 202
54 150
54 78
54 6
54 54
55 48
55 48
55 151
55 79
55 7
55 55
56 55
56 55
56 152
56 80
56 8
56 56
57 203
57 153
57 81
57 9
57 57
58 51
58 51
58 154
58 82
58 10
58 58
59 55
59 55
59 55
59 155
59 83
59 11
59 59
60 200
60 200
60 156
60 90
60 12
60 60
61 60
61 157
61 91
61 13
61 61
62 61
62 61
62 158
62 92
62 14
62 62
63 201
63 201
63 159
63 93
63 15
63 63
64 63
64 160
64 94
64 16
64 64
65 61
65 61
65 61
65 161
65 95
65 17
65 65
66 202
66 202
66 162
66 90
66 18
66 66
67 60
67 60
67 163
67 91
67 19
67 67
68 67
68 67
68 164
68 92
68 20
68 68
69 203
69 203
69 165
69 93
69 21
69 69
70 63
70 63
70 166
70 94
70 22
70 70
71 67
71 67
71 67
71 167
71 95
71 23
71 71
72 204
72 168
72 78
72 24
72 168
72 72
72 48
72 72
73 72
73 169
73 79
73 25
73 169
73 73
73 49
73 73
74 73
74 170
74 80
74 26
74 170
74 74
74 50
74 74
75 205
75 171
75 81
75 27
75 171
75 75
75 51
75 75
76 75
76 172
76 82
76 28
76 172
76 76
76 52
76 76
77 73
77 73
77 173
77 83
77 29
77 173
77 77
77 53
77 77
78 206
78 174
78 78
78 30
78 174
78 78
78 54
78 78
79 72
79 72
79 175
79 79
79 31
79 175
79 79
79 55
79 79
80 79
80 176
80 80
80 32
80 176
80 80
80 56
80 80
81 207
81 177
81 81
81 33
81 177
81 81
81 57
81 81
82 75
82 75
82 178
82 82
82 34
82 178
82 82
82 58
82 82
83 79
83 79
83 179
83 83
83 35
83 179
83 83
83 59
83 83
84 204
84 204
84 180
84 90
84 36
84 180
84 84
84 60
84 84
85 84
85 181
85 91
85 37
85 181
85 85
85 61
85 85
86 85
86 182
86 92
86 38
86 182
86 86
86 62
86 86
87 205
87 205
87 183
87 93
87 39
87 183
87 87
87 63
87 87
88 87
88 184
88 94
88 40
88 184
88 88
88 64
88 88
89 85
89 85
89 185
89 95
89 41
89 185
89 89
89 65
89 89
90 206
90 206
90 186
90 90
90 42
90 186
90 90
90 66
90 90
91 84
91 84
91 187
91 91
91 43
91 187
91 91
91 67
91 91
92 91
92 188
92 92
92 44
92 188
92 92
92 68
92 92
93 207
93 207
93 189
93 93
93 45
93 189
93 93
93 69
93 93
94 87
94 87
94 190
94 94
94 46
94 190
94 94
94 70
94 94
95 91
95 91
95 191
95 95
95 47
95 191
95 95
95 71
95 95
96 208
96 156
96 132
96 0
96 96
97 96
97 96
97 157
97 133
97 1
97 97
98 97
98 97
98 158
98 134
98 2
98 98
99 209
99 159
99 135
99 3
99 99
100 99
100 99
100 160
100 136
100 4
100 100
101 97
101 97
101 97
101 161
101 137
101 5
101 101
102 210
102 162
102 138
102 6
102 102
103 96
103 96
103 96
103 163
103 139
103 7
103 103
104 103
104 103
104 164
104 140
104 8
104 104
105 211
105 165
105 141
105 9
105 105
106 99
106 99
106 99
106 166
106 142
106 10
106 106
107 103
107 103
107 103
107 167
107 143
107 11
107 107
108 208
108 208
108 156
108 132
108 12
108 108
109 108
109 108
109 157
109 133
109 13
109 109
110 109
110 109
110 158
110 134
110 14
110 110
111 209
111 209
111 159
111 135
111 15
111 111
112 111
112 111
112 160
112 136
112 16
112 112
113 109
113 109
113 109
113 161
113 137
113 17
113 113
114 210
114 210
114 162
114 138
114 18
114 114
115 108
115 108
115 108
115 163
115 139
115 19
115 115
116 115
116 115
116 164
116 140
116 20
116 116
117 211
117 211
117 165
117 141
117 21
117 117
118 111
118 111
118 111
118 166
118 142
118 22
118 118
119 115
119 115
119 115
119 167
119 143
119 23
119 119
120 212
120 180
120 132
120 24
120 120
120 168
120 96
120 120
121 120
121 120
121 181
121 133
121 25
121 121
121 169
121 97
121 121
122 121
122 182
122 134
122 26
122 122
122 170
122 98
122 122
123 213
123 183
123 135
123 27
123 123
123 171
123 99
123 123
124 123
124 123
124 184
124 136
124 28
124 124
124 172
124 100
124 124
125 121
125 121
125 185
125 137
125 29
125 125
125 173
125 101
125 125
126 214
126 186
126 138
126 30
126 126
126 174
126 102
126 126
127 120
127 120
127 120
127 187
127 139
127 31
127 127
127 175
127 103
127 127
128 127
128 188
128 140
128 32
128 128
128 176
128 104
128 128
129 215
129 189
129 141
129 33
129 129
129 177
129 105
129 129
130 123
130 123
130 123
130 190
130 142
130 34
130 130
130 178
130 106
130 130
131 127
131 127
131 191
131 143
131 35
131 131
131 179
131 107
131 131
132 212
132 212
132 180
132 132
132 36
132 132
132 180
132 108
132 132
133 132
133 132
133 181
133 133
133 37
133 133
133 181
133 109
133 133
134 133
134 182
134 134
134 38
134 134
134 182
134 110
134 134
135 213
135 213
135 183
135 135
135 39
135 135
135 183
135 111
135 135
136 135
136 135
136 184
136 136
136 40
136 136
136 184
136 112
136 136
137 133
137 133
137 185
137 137
137 41
137 137
137 185
137 113
137 137
138 214
138 214
138 186
138 138
138 42
138 138
138 186
138 114
138 138
139 132
139 132
139 132
139 187
139 139
139 43
139 139
139 187
139 115
139 139
140 139
140 188
140 140
140 44
140 140
140 188
140 116
140 140
141 215
141 215
141 189
141 141
141 45
141 141
141 189
141 117
141 141
142 135
142 135
142 135
142 190
142 142
142 46
142 142
142 190
142 118
142 142
143 139
143 139
143 191
143 143
143 47
143 143
143 191
143 119
143 143
144 216
144 156
144 180
144 48
144 144
144 174
144 96
144 144
145 144
145 157
145 181
145 49
145 145
145 175
145 97
145 145
146 145
146 145
146 158
146 182
146 50
146 146
146 176
146 98
146 146
147 217
147 159
147 183
147 51
147 147
147 177
147 99
147 147
148 147
148 160
148 184
148 52
148 148
148 178
148 100
148 148
149 145
149 145
149 145
149 161
149 185
149 53
149 149
149 179
149 101
149 149
150 218
150 162
150 186
150 54
150 150
150 174
150 102
150 150
151 144
151 144
151 163
151 187
151 55
151 151
151 175
151 103
151 151
152 151
152 151
152 164
152 188
152 56
152 152
152 176
152 104
152 152
153 219
153 165
153 189
153 57
153 153
153 177
153 105
153 153
154 147
154 147
154 166
154 190
154 58
154 154
154 178
154 106
154 154
155 151
155 151
155 151
155 167
155 191
155 59
155 155
155 179
155 107
155 155
156 216
156 216
156 156
156 180
156 60
156 156
156 186
156 108
156 156
157 156
157 157
157 181
157 61
157 157
157 187
157 109
157 157
158 157
158 157
158 158
158 182
158 62
158 158
158 188
158 110
158 158
159 217
159 217
159 159
159 183
159 63
159 159
159 189
159 111
159 159
160 159
160 160
160 184
160 64
160 160
160 190
160 112
160 160
161 157
161 157
161 157
161 161
161 185
161 65
161 161
161 191
161 113
161 161
162 218
162 218
162 162
162 186
162 66
162 162
162 186
162 114
162 162
163 156
163 156
163 163
163 187
163 67
163 163
163 187
163 115
163 163
164 163
164 163
164 164
164 188
164 68
164 164
164 188
164 116
164 164
165 219
165 219
165 165
165 189
165 69
165 165
165 189
165 117
165 165
166 159
166 159
166 166
166 190
166 70
166 166
166 190
166 118
166 166
167 163
167 163
167 163
167 167
167 191
167 71
167 167
167 191
167 119
167 167
168 220
168 180
168 180
168 72
168 168
168 174
168 120
168 168
168 168
168 144
168 168
169 168
169 181
169 181
169 73
169 169
169 175
169 121
169 169
169 169
169 145
169 169
170 169
170 182
170 182
170 74
170 170
170 176
170 122
170 170
170 170
170 146
170 170
171 221
171 183
171 183
171 75
171 171
171 177
171 123
171 171
171 171
171 147
171 171
172 171
172 184
172 184
172 76
172 172
172 178
172 124
172 172
172 172
172 148
172 172
173 169
173 169
173 185
173 185
173 77
173 173
173 179
173 125
173 173
173 173
173 149
173 173
174 222
174 186
174 186
174 78
174 174
174 174
174 126
174 174
174 174
174 150
174 174
175 168
175 168
175 187
175 187
175 79
175 175
175 175
175 127
175 175
175 175
175 151
175 175
176 175
176 188
176 188
176 80
176 176
176 176
176 128
176 176
176 176
176 152
176 176
177 223
177 189
177 189
177 81
177 177
177 177
177 129
177 177
177 177
177 153
177 177
178 171
178 171
178 190
178 190
178 82
178 178
178 178
178 130
178 178
178 178
178 154
178 178
179 175
179 175
179 191
179 191
179 83
179 179
179 179
179 131
179 179
179 179
179 155
179 179
180 220
180 220
180 180
180 180
180 84
180 180
180 186
180 132
180 180
180 180
180 156
180 180
181 180
181 181
181 181
181 85
181 181
181 187
181 133
181 181
181 181
181 157
181 181
182 181
182 182
182 182
182 86
182 182
182 188
182 134
182 182
182 182
182 158
182 182
183 221
183 221
183 183
183 183
183 87
183 183
183 189
183 135
183 183
183 183
183 159
183 183
184 183
184 184
184 184
184 88
184 184
184 190
184 136
184 184
184 184
184 160
184 184
185 181
185 181
185 185
185 185
185 89
185 185
185 191
185 137
185 185
185 185
185 161
185 185
186 222
186 222
186 186
186 186
186 90
186 186
186 186
186 138
186 186
186 186
186 162
186 186
187 180
187 180
187 187
187 187
187 91
187 187
187 187
187 139
187 187
187 187
187 163
187 187
188 187
188 188
188 188
188 92
188 188
188 188
188 140
188 188
188 188
188 164
188 188
189 223
189 223
189 189
189 189
189 93
189 189
189 189
189 141
189 189
189 189
189 165
189 189
190 183
190 183
190 190
190 190
190 94
190 190
190 190
190 142
190 190
190 190
190 166
190 190
191 187
191 187
191 191
191 191
191 95
191 191
191 191
191 143
191 191
191 191
191 167
191 191
192 224
192 192
193 1
193 1
193 193
194 225
194 194
195 7
195 7
195 195
196 212
196 204
196 192
196 196
197 25
197 213
197 205
197 193
197 197
198 214
198 206
198 194
198 198
199 31
199 215
199 207
199 195
199 199
200 226
200 216
200 206
200 192
200 200
201 49
201 49
201 217
201 207
201 193
201 201
202 227
202 218
202 206
202 194
202 202
203 55
203 55
203 219
203 207
203 195
203 203
204 220
204 206
204 196
204 220
204 204
204 200
204 204
205 73
205 221
205 207
205 197
205 221
205 205
205 201
205 205
206 222
206 206
206 198
206 222
206 206
206 202
206 206
207 79
207 223
207 207
207 199
207 223
207 207
207 203
207 207
208 228
208 229
208 230
208 192
208 208
209 97
209 97
209 231
209 232
209 193
209 209
210 233
210 234
210 235
210 194
210 210
211 103
211 103
211 236
211 237
211 195
211 211
212 238
212 230
212 196
212 212
212 220
212 208
212 212
213 121
213 239
213 232
213 197
213 213
213 221
213 209
213 213
214 240
214 235
214 198
214 214
214 222
214 210
214 214
215 127
215 241
215 237
215 199
215 215
215 223
215 211
215 215
216 242
216 229
216 238
216 200
216 216
216 222
216 208
216 216
217 145
217 145
217 231
217 239
217 201
217 217
217 223
217 209
217 217
218 243
218 234
218 240
218 202
218 218
218 222
218 210
218 218
219 151
219 151
219 236
219 241
219 203
219 219
219 223
219 211
219 219
220 238
220 238
220 204
220 220
220 222
220 212
220 220
220 220
220 216
220 220
221 169
221 239
221 239
221 205
221 221
221 223
221 213
221 221
221 221
221 217
221 221
222 240
222 240
222 206
222 222
222 222
222 214
222 222
222 222
222 218
222 222
223 175
223 241
223 241
223 207
223 223
223 223
223 215
223 223
223 223
223 219
223 223
224 244
224 224
225 0
225 0
225 225
226 242
226 245
226 224
226 226
227 48
227 243
227 245
227 225
227 227
228 246
228 247
228 248
228 224
228 228
229 247
229 229
229 238
229 249
229 229
229 240
229 250
229 229
230 238
230 230
230 251
230 230
230 238
230 250
230 230
231 157
231 157
231 231
231 239
231 252
231 231
231 241
231 253
231 231
232 133
232 239
232 232
232 254
232 232
232 239
232 253
232 232
233 96
233 96
233 255
233 256
233 225
233 233
234 255
234 234
234 240
234 257
234 234
234 240
234 258
234 234
235 240
235 235
235 259
235 235
235 240
235 258
235 235
236 163
236 163
236 236
236 241
236 260
236 236
236 241
236 261
236 236
237 139
237 241
237 237
237 262
237 237
237 241
237 261
237 237
238 238
238 238
238 263
238 238
238 240
238 230
238 238
238 238
238 229
238 238
239 181
239 239
239 239
239 264
239 239
239 241
239 232
239 239
239 239
239 231
239 239
240 240
240 240
240 265
240 240
240 240
240 235
240 240
240 240
240 234
240 240
241 187
241 241
241 241
241 266
241 241
241 241
241 237
241 241
241 241
241 236
241 241
242 247
242 267
242 226
242 242
242 268
242 228
242 242
243 144
243 255
243 269
243 227
243 243
243 268
243 233
243 243
244 244
245 72
245 268
245 245
245 270
245 268
245 245
245 227
245 245
246 271
246 272
246 244
246 246
247 247
247 267
247 273
247 247
247 269
247 274
247 247
248 272
248 267
248 248
248 275
248 248
248 267
248 274
248 248
249 273
249 229
249 265
249 276
249 249
250 274
250 229
250 230
250 276
250 250
251 230
251 263
251 276
251 251
252 61
252 61
252 231
252 266
252 277
252 252
253 109
253 109
253 231
253 232
253 277
253 253
254 37
254 232
254 264
254 277
254 254
255 156
255 255
255 269
255 278
255 255
255 269
255 279
255 255
256 132
256 132
256 269
256 256
256 280
256 256
256 269
256 279
256 256
257 278
257 234
257 265
257 281
257 257
258 279
258 234
258 235
258 281
258 258
259 235
259 265
259 281
259 259
260 67
260 67
260 236
260 266
260 282
260 260
261 115
261 115
261 236
261 237
261 282
261 261
262 43
262 237
262 266
262 282
262 262
263 238
263 265
263 251
263 238
263 263
263 249
263 263
264 85
264 239
264 266
264 254
264 239
264 264
264 252
264 264
265 240
265 265
265 259
265 240
265 265
265 257
265 265
266 91
266 241
266 266
266 262
266 241
266 266
266 260
266 266
267 267
267 267
267 283
267 267
267 269
267 248
267 267
267 267
267 247
267 267
268 168
268 269
268 269
268 245
268 268
268 268
268 284
268 268
268 268
268 243
268 268
269 180
269 269
269 269
269 285
269 269
269 269
269 256
269 269
269 269
269 255
269 269
270 24
270 24
270 284
270 245
270 225
270 270
271 216
271 271
271 286
271 287
271 271
271 288
271 289
271 271
272 212
272 286
272 272
272 290
272 272
272 286
272 289
272 272
273 247
273 285
273 291
273 273
274 289
274 247
274 248
274 291
274 274
275 290
275 248
275 283
275 291
275 275
276 291
276 276
277 13
277 13
277 277
278 60
278 255
278 285
278 292
278 278
279 108
279 108
279 255
279 256
279 292
279 279
280 36
280 36
280 256
280 285
280 292
280 280
281 292
281 281
282 19
282 19
282 282
283 267
283 285
283 275
283 267
283 283
283 273
283 283
284 120
284 120
284 269
284 256
284 270
284 284
284 268
284 233
284 284
285 84
285 269
285 285
285 280
285 269
285 285
285 278
285 285
286 220
286 286
286 286
286 293
286 286
286 288
286 272
286 286
286 286
286 271
286 286
287 200
287 271
287 294
287 295
287 287
288 222
288 288
288 288
288 294
288 288
288 288
288 296
288 288
288 288
288 297
288 288
289 208
289 271
289 272
289 295
289 289
290 196
290 272
290 293
290 295
290 290
291 295
291 291
292 12
292 12
292 292
293 204
293 286
293 294
293 290
293 286
293 293
293 287
293 293
294 206
294 288
294 294
294 298
294 288
294 294
294 299
294 294
295 192
295 295
296 214
296 288
296 296
296 298
296 296
296 288
296 300
296 296
297 218
297 297
297 288
297 299
297 297
297 288
297 300
297 297
298 198
298 296
298 294
298 301
298 298
299 202
299 297
299 294
299 301
299 299
300 210
300 297
300 296
300 301
300 300
301 194
301 301
